0: 1, 2, 6, 9, 10, 11, 12, 13, 14, 17, 19
1: 0, 3, 4, 6, 7, 9, 10, 11, 12, 16, 17, 19
2: 0, 3, 5, 10, 11, 12, 13, 19
6: 0, 1, 3, 4, 7, 8, 10, 11, 13, 14, 17, 18, 19
9: 0, 1, 3, 7, 12, 15, 16, 18, 19
10: 0, 1, 2, 4, 5, 6, 11, 13, 14, 15, 16, 17, 19
11: 0, 1, 2, 3, 4, 5, 6, 7, 8, 10, 12, 17, 18, 19
12: 0, 1, 2, 3, 5, 7, 8, 9, 11, 13, 14, 16, 17, 18
13: 0, 2, 5, 6, 7, 10, 12, 14, 15, 16, 17, 19
14: 0, 4, 6, 7, 8, 10, 12, 13, 15, 16, 19
17: 0, 1, 4, 5, 6, 8, 10, 11, 12, 13, 16, 18
19: 0, 1, 2, 3, 6, 7, 8, 9, 10, 11, 13, 14, 18
3: 1, 2, 4, 6, 8, 9, 11, 12, 16, 18, 19
4: 1, 3, 5, 6, 10, 11, 14, 15, 16, 17, 18
7: 1, 5, 6, 9, 11, 12, 13, 14, 16, 18, 19
16: 1, 3, 4, 5, 7, 9, 10, 12, 13, 14, 17, 18
5: 2, 4, 7, 8, 10, 11, 12, 13, 16, 17
8: 3, 5, 6, 11, 12, 14, 15, 17, 18, 19
18: 3, 4, 6, 7, 8, 9, 11, 12, 15, 16, 17, 19
15: 4, 8, 9, 10, 13, 14, 18
