0: 2, 4, 6, 7, 8, 14, 15, 16, 17, 18, 19
2: 0, 3, 4, 6, 8, 12, 13, 16, 17
4: 0, 2, 5, 7, 8, 10, 11, 12, 13, 14, 16, 17, 18
6: 0, 1, 2, 3, 5, 9, 10, 11, 13, 14, 15, 16, 18, 19
7: 0, 1, 3, 4, 9, 11, 12, 13, 14, 16, 17, 18, 19
8: 0, 1, 2, 4, 5, 13, 18
14: 0, 1, 3, 4, 5, 6, 7, 10, 11, 12, 16, 17, 18, 19
15: 0, 1, 3, 5, 6, 10, 11, 16, 17, 19
16: 0, 1, 2, 4, 6, 7, 9, 10, 12, 14, 15, 17, 18, 19
17: 0, 2, 4, 7, 9, 10, 14, 15, 16, 18, 19
18: 0, 1, 3, 4, 5, 6, 7, 8, 9, 10, 11, 13, 14, 16, 17, 19
19: 0, 5, 6, 7, 9, 10, 11, 13, 14, 15, 16, 17, 18
1: 3, 5, 6, 7, 8, 10, 11, 13, 14, 15, 16, 18
3: 1, 2, 5, 6, 7, 10, 11, 12, 13, 14, 15, 18
5: 1, 3, 4, 6, 8, 9, 12, 13, 14, 15, 18, 19
10: 1, 3, 4, 6, 9, 11, 12, 13, 14, 15, 16, 17, 18, 19
11: 1, 3, 4, 6, 7, 10, 12, 13, 14, 15, 18, 19
13: 1, 2, 3, 4, 5, 6, 7, 8, 9, 10, 11, 12, 18, 19
12: 2, 3, 4, 5, 7, 9, 10, 11, 13, 14, 16
9: 5, 6, 7, 10, 12, 13, 16, 17, 18, 19
