0: 1, 2, 3, 4, 5, 6, 7, 8, 9, 11, 15
1: 0, 2, 6, 9, 10, 11, 12, 13, 16
2: 0, 1, 3, 5, 6, 7, 8, 10, 11, 13, 14, 15
3: 0, 2, 5, 6, 11, 15, 16
4: 0, 5, 6, 7, 8, 9, 10, 14
5: 0, 2, 3, 4, 6, 7, 8, 9, 10, 11, 12, 14, 15, 16
6: 0, 1, 2, 3, 4, 5, 7, 8, 9, 10, 12, 15, 16
7: 0, 2, 4, 5, 6, 8, 9, 10, 13, 15, 16
8: 0, 2, 4, 5, 6, 7, 9, 11, 13, 15, 16
9: 0, 1, 4, 5, 6, 7, 8, 10, 11, 13, 14, 15, 16
11: 0, 1, 2, 3, 5, 8, 9, 12, 13, 14, 15
15: 0, 2, 3, 5, 6, 7, 8, 9, 10, 11, 13, 14, 16
10: 1, 2, 4, 5, 6, 7, 9, 12, 15, 16
12: 1, 5, 6, 10, 11, 14, 16
13: 1, 2, 7, 8, 9, 11, 14, 15
16: 1, 3, 5, 6, 7, 8, 9, 10, 12, 14, 15
14: 2, 4, 5, 9, 11, 12, 13, 15, 16
