0: 1, 2, 3, 4, 5, 6, 7, 8, 10, 16, 18
1: 0, 2, 3, 5, 6, 8, 10, 11, 13, 14, 15, 16, 19, 20, 21
2: 0, 1, 3, 4, 5, 7, 12, 15, 16, 18, 20, 21
3: 0, 1, 2, 4, 5, 6, 7, 8, 10, 11, 12, 16, 17, 18, 19, 20, 21
4: 0, 2, 3, 5, 7, 8, 9, 12, 13, 15, 17, 20, 21
5: 0, 1, 2, 3, 4, 7, 8, 10, 11, 13, 16, 17
6: 0, 1, 3, 8, 9, 10, 12, 14, 15, 17, 20, 21
7: 0, 2, 3, 4, 5, 9, 11, 16, 17, 19, 20, 21
8: 0, 1, 3, 4, 5, 6, 9, 11, 12, 13, 14, 19
10: 0, 1, 3, 5, 6, 9, 11, 12, 13, 16, 18, 19, 20
16: 0, 1, 2, 3, 5, 7, 9, 10, 12, 13, 15, 17, 18, 19, 20, 21
18: 0, 2, 3, 10, 11, 12, 13, 15, 16, 17, 20
11: 1, 3, 5, 7, 8, 9, 10, 12, 13, 14, 15, 17, 18, 21
13: 1, 4, 5, 8, 10, 11, 12, 14, 16, 17, 18, 19, 20, 21
14: 1, 6, 8, 11, 12, 13, 15, 17
15: 1, 2, 4, 6, 9, 11, 12, 14, 16, 17, 18, 20
19: 1, 3, 7, 8, 10, 12, 13, 16, 20, 21
20: 1, 2, 3, 4, 6, 7, 10, 13, 15, 16, 17, 18, 19, 21
21: 1, 2, 3, 4, 6, 7, 11, 12, 13, 16, 17, 19, 20
12: 2, 3, 4, 6, 8, 10, 11, 13, 14, 15, 16, 17, 18, 19, 21
17: 3, 4, 5, 6, 7, 9, 11, 12, 13, 14, 15, 16, 18, 20, 21
9: 4, 6, 7, 8, 10, 11, 15, 16, 17
