0: 1, 2, 4, 6, 7, 8, 10, 11, 12, 13, 14, 16, 17, 18, 19
1: 0, 2, 3, 4, 5, 6, 7, 8, 12, 14, 16, 17, 19
2: 0, 1, 3, 6, 9, 13, 14, 15, 18
4: 0, 1, 3, 5, 6, 9, 11, 12, 15, 17, 18, 19
6: 0, 1, 2, 3, 4, 7, 8, 9, 12, 13, 14, 15, 17, 18
7: 0, 1, 3, 5, 6, 8, 11, 12, 13, 14, 15, 16
8: 0, 1, 3, 6, 7, 9, 11, 12, 13, 15, 16, 17, 18, 19
10: 0, 3, 5, 9, 11, 12, 15, 19
11: 0, 3, 4, 5, 7, 8, 10, 12, 13, 15, 16, 17, 18, 19
12: 0, 1, 3, 4, 6, 7, 8, 9, 10, 11, 13, 14, 15, 16, 17, 18, 19
13: 0, 2, 5, 6, 7, 8, 9, 11, 12, 14, 15, 16, 19
14: 0, 1, 2, 5, 6, 7, 12, 13, 15, 17, 18
16: 0, 1, 3, 5, 7, 8, 9, 11, 12, 13, 17, 18
17: 0, 1, 3, 4, 6, 8, 11, 12, 14, 16
18: 0, 2, 3, 4, 5, 6, 8, 9, 11, 12, 14, 15, 16, 19
19: 0, 1, 3, 4, 5, 8, 10, 11, 12, 13, 15, 18
3: 1, 2, 4, 6, 7, 8, 10, 11, 12, 15, 16, 17, 18, 19
5: 1, 4, 7, 10, 11, 13, 14, 15, 16, 18, 19
9: 2, 4, 6, 8, 10, 12, 13, 15, 16, 18
15: 2, 3, 4, 5, 6, 7, 8, 9, 10, 11, 12, 13, 14, 18, 19
