0: 1, 2, 3, 4, 5, 7, 8, 9, 10, 14, 17, 19, 21
1: 0, 2, 6, 8, 10, 11, 12, 13, 15, 17, 18, 20
2: 0, 1, 3, 4, 8, 9, 10, 17, 18, 20, 21
3: 0, 2, 4, 7, 8, 11, 13, 14, 16, 17, 18, 19, 21
4: 0, 2, 3, 5, 7, 11, 12, 13, 16, 17, 18, 19, 20, 21
5: 0, 4, 6, 7, 9, 14, 16, 17, 20, 21
7: 0, 3, 4, 5, 6, 8, 9, 11, 13, 14, 15, 16, 17, 19, 20, 21
8: 0, 1, 2, 3, 7, 9, 11, 12, 16, 17, 18, 20
9: 0, 2, 5, 7, 8, 11, 14, 15, 16, 17, 18, 20
10: 0, 1, 2, 11, 12, 15, 18, 19, 20, 21
14: 0, 3, 5, 6, 7, 9, 11, 12, 13, 15, 18, 19
17: 0, 1, 2, 3, 4, 5, 6, 7, 8, 9, 11, 12, 13, 15, 18, 21
19: 0, 3, 4, 6, 7, 10, 13, 14, 18, 20, 21
21: 0, 2, 3, 4, 5, 6, 7, 10, 11, 13, 17, 18, 19, 20
6: 1, 5, 7, 11, 12, 13, 14, 15, 16, 17, 18, 19, 20, 21
11: 1, 3, 4, 6, 7, 8, 9, 10, 13, 14, 16, 17, 18, 20, 21
12: 1, 4, 6, 8, 10, 13, 14, 16, 17, 18
13: 1, 3, 4, 6, 7, 11, 12, 14, 15, 17, 18, 19, 21
15: 1, 6, 7, 9, 10, 13, 14, 16, 17, 20
18: 1, 2, 3, 4, 6, 8, 9, 10, 11, 12, 13, 14, 16, 17, 19, 21
20: 1, 2, 4, 5, 6, 7, 8, 9, 10, 11, 15, 16, 19, 21
16: 3, 4, 5, 6, 7, 8, 9, 11, 12, 15, 18, 20
