0: 1, 2, 6, 8, 9, 10, 11, 13, 15, 16, 18, 19
1: 0, 2, 6, 7, 8, 9, 10, 12, 13, 14, 16, 19
2: 0, 1, 6, 8, 11, 12, 13, 14, 15, 17, 18
6: 0, 1, 2, 3, 4, 5, 7, 8, 9, 10, 11, 13, 14, 15, 16, 17, 18
8: 0, 1, 2, 3, 4, 5, 6, 9, 11, 12, 13, 14, 15, 17
9: 0, 1, 4, 5, 6, 7, 8, 10, 11, 13, 14, 17, 18, 19
10: 0, 1, 3, 4, 6, 9, 11, 12, 14, 15, 17, 18
11: 0, 2, 5, 6, 7, 8, 9, 10, 13, 15, 16, 18, 19
13: 0, 1, 2, 5, 6, 7, 8, 9, 11, 12, 14, 15, 16, 17, 19
15: 0, 2, 3, 4, 5, 6, 7, 8, 10, 11, 12, 13, 16, 17, 19
16: 0, 1, 3, 5, 6, 7, 11, 13, 15, 18
18: 0, 2, 3, 4, 5, 6, 7, 9, 10, 11, 12, 16, 17, 19
19: 0, 1, 3, 4, 5, 7, 9, 11, 13, 14, 15, 18
7: 1, 3, 6, 9, 11, 12, 13, 14, 15, 16, 18, 19
12: 1, 2, 5, 7, 8, 10, 13, 14, 15, 18
14: 1, 2, 3, 4, 5, 6, 7, 8, 9, 10, 12, 13, 17, 19
17: 2, 3, 6, 8, 9, 10, 13, 14, 15, 18
3: 4, 5, 6, 7, 8, 10, 14, 15, 16, 17, 18, 19
4: 3, 5, 6, 8, 9, 10, 14, 15, 18, 19
5: 3, 4, 6, 8, 9, 11, 12, 13, 14, 15, 16, 18, 19
