0: 2, 3, 4, 5, 6, 7, 10, 11, 12, 13, 14, 15
2: 0, 3, 6, 9, 10, 11, 12, 13, 15, 16
3: 0, 2, 4, 5, 8, 10, 11, 12, 13, 14, 15
4: 0, 1, 3, 5, 6, 8, 10, 11, 12, 13, 14, 16
5: 0, 1, 3, 4, 7, 8, 9, 10, 11, 12, 14
6: 0, 2, 4, 7, 8, 9, 10, 11, 12, 14, 16
7: 0, 5, 6, 9, 11, 13, 15, 16
10: 0, 2, 3, 4, 5, 6, 8, 9, 11, 12, 13, 14, 15
11: 0, 2, 3, 4, 5, 6, 7, 10, 15
12: 0, 2, 3, 4, 5, 6, 10, 13
13: 0, 2, 3, 4, 7, 9, 10, 12, 14, 15, 16
14: 0, 1, 3, 4, 5, 6, 8, 9, 10, 13, 15
15: 0, 1, 2, 3, 7, 8, 9, 10, 11, 13, 14
1: 4, 5, 8, 14, 15
8: 1, 3, 4, 5, 6, 9, 10, 14, 15, 16
9: 2, 5, 6, 7, 8, 10, 13, 14, 15
16: 2, 4, 6, 7, 8, 13
