0: 1, 2, 4, 5, 12, 13, 20
1: 0, 2, 3, 6, 7, 8, 9, 10, 12, 15, 17, 18, 20
2: 0, 1, 4, 7, 9, 12, 15, 21
4: 0, 2, 6, 8, 11, 13, 14, 16, 17, 18, 21
5: 0, 6, 7, 10, 19
12: 0, 1, 2, 7, 8, 9, 10, 13, 15, 18, 20
13: 0, 3, 4, 6, 7, 9, 10, 11, 12, 14, 16, 17, 20, 21
20: 0, 1, 9, 11, 12, 13, 15, 16, 17, 19, 21
3: 1, 7, 9, 10, 13, 18, 19, 21
6: 1, 4, 5, 8, 9, 10, 13, 14, 15, 17, 19, 21
7: 1, 2, 3, 5, 8, 9, 11, 12, 13, 15, 16, 17, 19, 21
8: 1, 4, 6, 7, 12, 15, 16, 17, 19, 21
9: 1, 2, 3, 6, 7, 10, 11, 12, 13, 14, 15, 16, 18, 20, 21
10: 1, 3, 5, 6, 9, 11, 12, 13, 15, 16, 17, 19, 21
15: 1, 2, 6, 7, 8, 9, 10, 11, 12, 14, 17, 18, 20
17: 1, 4, 6, 7, 8, 10, 11, 13, 15, 18, 19, 20, 21
18: 1, 3, 4, 9, 11, 12, 14, 15, 16, 17
21: 2, 3, 4, 6, 7, 8, 9, 10, 11, 13, 17, 19, 20
19: 3, 5, 6, 7, 8, 10, 11, 14, 16, 17, 20, 21
11: 4, 7, 9, 10, 13, 15, 17, 18, 19, 20, 21
14: 4, 6, 9, 13, 15, 16, 18, 19
16: 4, 7, 8, 9, 10, 13, 14, 18, 19, 20
