0: 1, 2, 3, 6, 8, 9, 10, 13, 15, 16, 18, 19, 20, 22
1: 0, 5, 8, 9, 11, 12, 13, 15, 16, 21, 22
2: 0, 3, 4, 5, 6, 7, 8, 11, 12, 13, 14, 15, 21, 22
3: 0, 2, 4, 5, 6, 8, 10, 11, 12, 13, 16, 19, 21, 22
6: 0, 2, 3, 7, 10, 12, 14, 16, 17, 19
8: 0, 1, 2, 3, 4, 9, 11, 12, 14, 15, 16, 18, 19, 20, 21
9: 0, 1, 7, 8, 12, 13, 14, 15, 16, 17, 20, 21, 22
10: 0, 3, 4, 5, 6, 7, 11, 13, 14, 17, 18, 19, 20, 21, 22
13: 0, 1, 2, 3, 4, 5, 7, 9, 10, 11, 12, 14, 17, 21, 22
15: 0, 1, 2, 4, 5, 7, 8, 9, 12, 16, 18, 22
16: 0, 1, 3, 6, 7, 8, 9, 11, 12, 15, 17, 18, 19
18: 0, 5, 8, 10, 11, 15, 16, 17, 20, 21, 22
19: 0, 3, 4, 5, 6, 8, 10, 14, 16, 17, 20, 21, 22
20: 0, 4, 7, 8, 9, 10, 12, 14, 18, 19
22: 0, 1, 2, 3, 4, 9, 10, 13, 15, 18, 19, 21
5: 1, 2, 3, 7, 10, 13, 15, 17, 18, 19, 21
11: 1, 2, 3, 4, 8, 10, 12, 13, 14, 16, 17, 18
12: 1, 2, 3, 4, 6, 8, 9, 11, 13, 14, 15, 16, 17, 20, 21
21: 1, 2, 3, 4, 5, 7, 8, 9, 10, 12, 13, 14, 17, 18, 19, 22
4: 2, 3, 7, 8, 10, 11, 12, 13, 14, 15, 17, 19, 20, 21, 22
7: 2, 4, 5, 6, 9, 10, 13, 15, 16, 20, 21
14: 2, 4, 6, 8, 9, 10, 11, 12, 13, 19, 20, 21
17: 4, 5, 6, 9, 10, 11, 12, 13, 16, 18, 19, 21
