0: 1, 3, 4, 7, 11, 12, 18, 19, 20
1: 0, 8, 9, 10, 11, 15, 17, 18, 19
3: 0, 2, 6, 9, 10, 12, 13, 15, 16, 17, 18
4: 0, 2, 5, 7, 8, 11, 12, 14, 16, 17, 18, 20
7: 0, 2, 4, 5, 6, 8, 9, 10, 11, 15, 19, 20
11: 0, 1, 4, 6, 7, 8, 10, 12, 13, 15, 16, 17, 18, 19, 20
12: 0, 2, 3, 4, 5, 6, 8, 9, 10, 11, 13, 14, 15
18: 0, 1, 3, 4, 6, 8, 9, 10, 11, 16, 20
19: 0, 1, 6, 7, 8, 9, 10, 11, 13, 14, 16, 20
20: 0, 4, 6, 7, 11, 13, 15, 17, 18, 19
8: 1, 2, 4, 6, 7, 9, 11, 12, 14, 16, 17, 18, 19
9: 1, 2, 3, 7, 8, 12, 13, 15, 17, 18, 19
10: 1, 2, 3, 7, 11, 12, 15, 16, 17, 18, 19
15: 1, 3, 7, 9, 10, 11, 12, 14, 16, 17, 20
17: 1, 2, 3, 4, 6, 8, 9, 10, 11, 13, 14, 15, 20
2: 3, 4, 7, 8, 9, 10, 12, 13, 14, 16, 17
13: 2, 3, 6, 9, 11, 12, 17, 19, 20
14: 2, 4, 8, 12, 15, 17, 19
16: 2, 3, 4, 6, 8, 10, 11, 15, 18, 19
6: 3, 7, 8, 11, 12, 13, 16, 17, 18, 19, 20
5: 4, 12, 7
