0: 1, 2, 3, 4, 6, 7, 8, 10, 12, 14, 16, 18, 19, 20
1: 0, 3, 4, 5, 6, 7, 8, 11, 12, 13, 14, 16, 17, 18, 20
2: 0, 3, 4, 5, 6, 8, 12, 13, 14, 15, 16, 19, 20, 21
3: 0, 1, 2, 4, 5, 6, 7, 11, 12, 15, 16, 17, 18, 19, 20, 21, 22
4: 0, 1, 2, 3, 5, 6, 7, 8, 9, 10, 11, 13, 14, 15, 18, 19, 20, 21
6: 0, 1, 2, 3, 4, 5, 7, 8, 9, 10, 11, 16, 17, 18, 19, 20
7: 0, 1, 3, 4, 6, 8, 9, 12, 13, 14, 15, 16, 18, 19, 20, 21
8: 0, 1, 2, 4, 5, 6, 7, 11, 12, 14, 15, 18, 21, 22
10: 0, 4, 5, 6, 9, 11, 12, 13, 15, 17, 19, 20, 22
12: 0, 1, 2, 3, 5, 7, 8, 9, 10, 13, 14, 15, 16, 17, 19, 21
14: 0, 1, 2, 4, 5, 7, 8, 11, 12, 13, 16, 17, 18, 21, 22
16: 0, 1, 2, 3, 6, 7, 9, 11, 12, 14, 17, 18, 20, 21, 22
18: 0, 1, 3, 4, 5, 6, 7, 8, 9, 14, 15, 16, 21, 22
19: 0, 2, 3, 4, 5, 6, 7, 9, 10, 12, 13, 15, 17, 20, 21, 22
20: 0, 1, 2, 3, 4, 6, 7, 9, 10, 11, 13, 15, 16, 17, 19, 21, 22
5: 1, 2, 3, 4, 6, 8, 9, 10, 12, 13, 14, 17, 18, 19, 21, 22
11: 1, 3, 4, 6, 8, 9, 10, 14, 15, 16, 20, 22
13: 1, 2, 4, 5, 7, 10, 12, 14, 15, 19, 20, 21, 22
17: 1, 3, 5, 6, 10, 12, 14, 15, 16, 19, 20, 22
15: 2, 3, 4, 7, 8, 9, 10, 11, 12, 13, 17, 18, 19, 20
21: 2, 3, 4, 5, 7, 8, 9, 12, 13, 14, 16, 18, 19, 20, 22
22: 3, 5, 8, 9, 10, 11, 13, 14, 16, 17, 18, 19, 20, 21
9: 4, 5, 6, 7, 10, 11, 12, 15, 16, 18, 19, 20, 21, 22
