0: 1, 2, 5, 6, 7, 11, 13, 14, 18, 21
1: 0, 2, 3, 5, 6, 7, 8, 9, 11, 12, 13, 15, 19, 21
2: 0, 1, 7, 8, 10, 11, 12, 14, 16, 17, 18, 20, 22
5: 0, 1, 3, 7, 9, 11, 12, 13, 14, 15, 16, 19, 21
6: 0, 1, 10, 11, 13, 15, 16, 18, 19, 20, 21, 22
7: 0, 1, 2, 4, 5, 8, 11, 12, 13, 14, 16, 18, 21
11: 0, 1, 2, 4, 5, 6, 7, 8, 10, 13, 14, 15, 16, 17, 18, 20, 21, 22
13: 0, 1, 3, 5, 6, 7, 10, 11, 14, 15, 16, 17, 19, 21
14: 0, 2, 3, 4, 5, 7, 8, 10, 11, 13, 15, 16, 18, 19, 21
18: 0, 2, 3, 6, 7, 8, 10, 11, 14, 15, 16, 19, 21, 22
21: 0, 1, 5, 6, 7, 8, 10, 11, 13, 14, 15, 16, 17, 18, 20, 22
3: 1, 5, 8, 9, 12, 13, 14, 15, 16, 17, 18
8: 1, 2, 3, 4, 7, 10, 11, 12, 14, 15, 16, 18, 21, 22
9: 1, 3, 4, 5, 10, 12, 15, 17, 22
12: 1, 2, 3, 5, 7, 8, 9, 15, 16, 17, 19, 20
15: 1, 3, 4, 5, 6, 8, 9, 10, 11, 12, 13, 14, 16, 18, 19, 21
19: 1, 5, 6, 10, 12, 13, 14, 15, 16, 17, 18
10: 2, 4, 6, 8, 9, 11, 13, 14, 15, 17, 18, 19, 21
16: 2, 3, 4, 5, 6, 7, 8, 11, 12, 13, 14, 15, 17, 18, 19, 21, 22
17: 2, 3, 4, 9, 10, 11, 12, 13, 16, 19, 20, 21
20: 2, 4, 6, 11, 12, 17, 21
22: 2, 4, 6, 8, 9, 11, 16, 18, 21
4: 7, 8, 9, 10, 11, 14, 15, 16, 17, 20, 22
