0: 1, 2, 3, 5, 6, 9, 10, 12, 13, 14, 15, 16, 17, 21, 22
1: 0, 2, 3, 5, 10, 13, 14, 15, 16, 18, 19, 20, 21
2: 0, 1, 4, 5, 6, 7, 8, 9, 10, 11, 13, 15, 16, 20, 21, 22
3: 0, 1, 4, 5, 6, 7, 8, 9, 10, 11, 12, 13, 14, 20, 21, 22
5: 0, 1, 2, 3, 7, 9, 10, 13, 14, 17, 18, 19, 20, 21, 22
6: 0, 2, 3, 4, 14, 16, 19, 20, 21, 22
9: 0, 2, 3, 4, 5, 10, 11, 15, 16, 17, 18, 19, 22
10: 0, 1, 2, 3, 4, 5, 7, 9, 12, 13, 14, 15, 16, 18, 19, 21, 22
12: 0, 3, 4, 7, 8, 10, 11, 13, 14, 16, 17, 18, 19
13: 0, 1, 2, 3, 4, 5, 10, 11, 12, 14, 16, 17, 18, 19, 20, 21, 22
14: 0, 1, 3, 4, 5, 6, 8, 10, 12, 13, 15, 17, 18, 21, 22
15: 0, 1, 2, 8, 9, 10, 14, 18, 20, 22
16: 0, 1, 2, 4, 6, 8, 9, 10, 12, 13, 17, 19, 20, 21, 22
17: 0, 4, 5, 8, 9, 12, 13, 14, 16, 18, 19, 20, 21
21: 0, 1, 2, 3, 5, 6, 7, 8, 10, 11, 13, 14, 16, 17, 19
22: 0, 2, 3, 4, 5, 6, 8, 9, 10, 13, 14, 15, 16, 18, 19, 20
18: 1, 4, 5, 8, 9, 10, 12, 13, 14, 15, 17, 22
19: 1, 5, 6, 7, 8, 9, 10, 11, 12, 13, 16, 17, 20, 21, 22
20: 1, 2, 3, 4, 5, 6, 7, 13, 15, 16, 17, 19, 22
4: 2, 3, 6, 9, 10, 12, 13, 14, 16, 17, 18, 20, 22
7: 2, 3, 5, 8, 10, 11, 12, 19, 20, 21
8: 2, 3, 7, 11, 12, 14, 15, 16, 17, 18, 19, 21, 22
11: 2, 3, 7, 8, 9, 12, 13, 19, 21
