0: 3, 4, 5, 7, 8, 9, 10, 12, 14, 15, 16, 17, 18, 19
3: 0, 1, 4, 5, 6, 7, 8, 11, 16, 17, 19
4: 0, 1, 2, 3, 5, 7, 10, 11, 12, 15, 16, 17, 18, 19
5: 0, 1, 2, 3, 4, 6, 7, 8, 10, 12, 15, 16
7: 0, 2, 3, 4, 5, 6, 8, 9, 10, 11, 12, 13, 14, 18
8: 0, 1, 2, 3, 5, 7, 9, 10, 13, 14, 15, 16, 19
9: 0, 2, 7, 8, 10, 11, 12, 14, 15, 16, 17
10: 0, 2, 4, 5, 6, 7, 8, 9, 11, 12, 13, 17, 18, 19
12: 0, 1, 2, 4, 5, 7, 9, 10, 11, 13, 14, 15, 17, 18, 19
14: 0, 1, 2, 7, 8, 9, 11, 12, 13, 15, 16, 17, 18, 19
15: 0, 2, 4, 5, 6, 8, 9, 11, 12, 13, 14, 17
16: 0, 1, 2, 3, 4, 5, 6, 8, 9, 13, 14, 17
17: 0, 3, 4, 9, 10, 11, 12, 14, 15, 16, 18, 19
18: 0, 1, 2, 4, 6, 7, 10, 11, 12, 13, 14, 17
19: 0, 1, 2, 3, 4, 8, 10, 12, 14, 17
1: 2, 3, 4, 5, 6, 8, 12, 13, 14, 16, 18, 19
2: 1, 4, 5, 6, 7, 8, 9, 10, 11, 12, 13, 14, 15, 16, 18, 19
6: 1, 2, 3, 5, 7, 10, 15, 16, 18
13: 1, 2, 7, 8, 10, 12, 14, 15, 16, 18
11: 2, 3, 4, 7, 9, 10, 12, 14, 15, 17, 18
