0: 1, 4, 6, 7, 8, 9, 11, 13, 15, 17, 18, 19, 20, 21, 24
1: 0, 5, 6, 8, 10, 12, 14, 15, 18, 19, 22, 24
4: 0, 3, 5, 6, 8, 10, 11, 12, 13, 15, 18, 20, 21, 22, 23, 24
6: 0, 1, 4, 5, 8, 10, 11, 13, 16, 18, 19, 20, 21, 23
7: 0, 3, 5, 8, 11, 12, 15, 17, 18, 20, 21, 24
8: 0, 1, 4, 5, 6, 7, 10, 12, 13, 14, 15, 16, 17, 18, 19, 20, 21, 22
9: 0, 2, 11, 14, 15, 17, 18, 19, 20, 22, 23
11: 0, 4, 5, 6, 7, 9, 10, 13, 15, 17, 18, 20, 21, 22, 23
13: 0, 3, 4, 6, 8, 10, 11, 12, 14, 16, 17, 19, 20, 21, 22
15: 0, 1, 3, 4, 5, 7, 8, 9, 10, 11, 12, 14, 16, 17, 21, 22, 24
17: 0, 3, 5, 7, 8, 9, 11, 13, 15, 16, 19, 20, 21, 23, 24
18: 0, 1, 2, 3, 4, 5, 6, 7, 8, 9, 10, 11, 14, 16, 19, 20, 21, 22, 24
19: 0, 1, 5, 6, 8, 9, 10, 13, 14, 17, 18, 23, 24
20: 0, 4, 5, 6, 7, 8, 9, 10, 11, 12, 13, 16, 17, 18, 22, 23, 24
21: 0, 2, 3, 4, 5, 6, 7, 8, 10, 11, 12, 13, 15, 16, 17, 18, 22, 24
24: 0, 1, 4, 5, 7, 12, 14, 15, 17, 18, 19, 20, 21, 22, 23
5: 1, 2, 3, 4, 6, 7, 8, 10, 11, 12, 14, 15, 17, 18, 19, 20, 21, 22, 23, 24
10: 1, 4, 5, 6, 8, 11, 12, 13, 14, 15, 16, 18, 19, 20, 21, 23
12: 1, 4, 5, 7, 8, 10, 13, 14, 15, 16, 20, 21, 22, 24
14: 1, 2, 3, 5, 8, 9, 10, 12, 13, 15, 18, 19, 23, 24
22: 1, 3, 4, 5, 8, 9, 11, 12, 13, 15, 16, 18, 20, 21, 23, 24
2: 3, 5, 9, 14, 16, 18, 21
3: 2, 4, 5, 7, 13, 14, 15, 16, 17, 18, 21, 22, 23
16: 2, 3, 6, 8, 10, 12, 13, 15, 17, 18, 20, 21, 22
23: 3, 4, 5, 6, 9, 10, 11, 14, 17, 19, 20, 22, 24
