0: 1, 3, 5, 7, 8, 9, 10, 12, 14, 15, 16, 18, 20, 21, 22
1: 0, 2, 3, 5, 6, 7, 8, 10, 12, 13, 14, 15, 16, 17, 18, 19, 20
3: 0, 1, 2, 5, 6, 7, 9, 11, 12, 13, 14, 15, 17, 18, 20, 21, 22
5: 0, 1, 3, 4, 6, 7, 8, 11, 13, 15, 21, 22
7: 0, 1, 2, 3, 4, 5, 6, 8, 11, 13, 14, 15, 16, 17, 19, 20, 21
8: 0, 1, 2, 5, 7, 11, 16, 19, 20, 22
9: 0, 3, 6, 11, 12, 13, 14, 19, 20, 22
10: 0, 1, 2, 11, 12, 13, 17, 18, 19, 20, 21
12: 0, 1, 3, 4, 6, 9, 10, 15, 16, 18, 19, 20, 21
14: 0, 1, 2, 3, 6, 7, 9, 11, 13, 16, 20, 21
15: 0, 1, 2, 3, 5, 6, 7, 11, 12, 17, 19, 20, 21
16: 0, 1, 4, 7, 8, 11, 12, 13, 14, 17, 19, 21, 22
18: 0, 1, 3, 4, 10, 11, 12, 13, 17, 19, 20, 21
20: 0, 1, 2, 3, 4, 6, 7, 8, 9, 10, 12, 13, 14, 15, 17, 18, 19, 22
21: 0, 2, 3, 4, 5, 7, 10, 11, 12, 13, 14, 15, 16, 17, 18, 19, 22
22: 0, 2, 3, 4, 5, 6, 8, 9, 11, 16, 19, 20, 21
2: 1, 3, 4, 6, 7, 8, 10, 14, 15, 19, 20, 21, 22
6: 1, 2, 3, 5, 7, 9, 12, 13, 14, 15, 17, 19, 20, 22
13: 1, 3, 5, 6, 7, 9, 10, 14, 16, 17, 18, 20, 21
17: 1, 3, 6, 7, 10, 13, 15, 16, 18, 19, 20, 21
19: 1, 2, 4, 6, 7, 8, 9, 10, 11, 12, 15, 16, 17, 18, 20, 21, 22
4: 2, 5, 7, 12, 16, 18, 19, 20, 21, 22
11: 3, 5, 7, 8, 9, 10, 14, 15, 16, 18, 19, 21, 22
