0: 1, 2, 3, 4, 5, 6, 8, 9, 10, 11, 13, 14, 15, 16, 17, 18
1: 0, 2, 4, 5, 6, 8, 9, 10, 11, 13, 14, 15, 16, 17
2: 0, 1, 3, 5, 6, 8, 9, 11, 13, 14, 16, 17, 18
3: 0, 2, 4, 9, 10, 11, 12, 13, 15, 16, 17, 18
4: 0, 1, 3, 5, 7, 8, 9, 10, 13, 14, 15, 18, 19
5: 0, 1, 2, 4, 6, 8, 9, 10, 11, 12, 13, 14, 16, 17, 18, 19
6: 0, 1, 2, 5, 7, 9, 11, 12, 13, 14, 15, 16, 17, 18, 19
8: 0, 1, 2, 4, 5, 7, 9, 10, 11, 13, 19
9: 0, 1, 2, 3, 4, 5, 6, 8, 10, 11, 12, 13, 14, 15, 16, 17, 18
10: 0, 1, 3, 4, 5, 7, 8, 9, 15, 16, 17, 18
11: 0, 1, 2, 3, 5, 6, 8, 9, 14, 16, 17, 18, 19
13: 0, 1, 2, 3, 4, 5, 6, 7, 8, 9, 12, 14, 15, 16, 18
14: 0, 1, 2, 4, 5, 6, 9, 11, 13, 15, 16, 17, 18
15: 0, 1, 3, 4, 6, 7, 9, 10, 12, 13, 14, 16, 19
16: 0, 1, 2, 3, 5, 6, 7, 9, 10, 11, 12, 13, 14, 15, 19
17: 0, 1, 2, 3, 5, 6, 7, 9, 10, 11, 12, 14, 18
18: 0, 2, 3, 4, 5, 6, 9, 10, 11, 13, 14, 17
12: 3, 5, 6, 9, 13, 15, 16, 17
7: 4, 6, 8, 10, 13, 15, 16, 17, 19
19: 4, 5, 6, 7, 8, 11, 15, 16
