0: 2, 3, 5, 6, 7, 8, 10, 11, 13, 14
2: 0, 3, 4, 5, 6, 7, 9, 10, 11, 12, 14, 16, 17
3: 0, 2, 5, 7, 8, 11, 12, 13, 14, 15, 16
5: 0, 1, 2, 3, 4, 10, 12, 14, 17
6: 0, 2, 4, 7, 8, 9, 11, 12, 13, 14, 15, 17
7: 0, 2, 3, 6, 8, 10, 12, 14, 15, 16, 17
8: 0, 1, 3, 4, 6, 7, 9, 10, 11, 13, 14
10: 0, 1, 2, 4, 5, 7, 8, 9, 11, 13, 14, 15, 16
11: 0, 1, 2, 3, 4, 6, 8, 9, 10, 12, 14, 15, 16
13: 0, 1, 3, 4, 6, 8, 9, 10, 14, 15
14: 0, 1, 2, 3, 5, 6, 7, 8, 9, 10, 11, 12, 13, 17
1: 4, 5, 8, 9, 10, 11, 13, 14, 15, 16, 17
4: 1, 2, 5, 6, 8, 9, 10, 11, 13, 15, 16, 17
9: 1, 2, 4, 6, 8, 10, 11, 12, 13, 14, 15, 16, 17
15: 1, 3, 4, 6, 7, 9, 10, 11, 12, 13, 16, 17
16: 1, 2, 3, 4, 7, 9, 10, 11, 12, 15
17: 1, 2, 4, 5, 6, 7, 9, 12, 14, 15
12: 2, 3, 5, 6, 7, 9, 11, 14, 15, 16, 17
