0: 3, 4, 5, 6, 7, 9, 11, 12, 13, 15, 16, 19, 20, 22
3: 0, 1, 2, 4, 5, 7, 8, 10, 13, 15, 16, 17, 19, 20, 21
4: 0, 1, 3, 8, 9, 11, 12, 13, 14, 15, 16, 17, 18, 19, 20, 23
5: 0, 1, 2, 3, 6, 8, 10, 11, 14, 18, 20, 21, 22, 23, 24
6: 0, 1, 5, 8, 10, 14, 16, 17, 18, 24
7: 0, 1, 2, 3, 10, 11, 13, 15, 16, 17, 19, 23
9: 0, 1, 4, 8, 11, 12, 14, 15, 16, 17, 18, 19, 21, 22, 24
11: 0, 1, 4, 5, 7, 8, 9, 13, 14, 17, 18, 19, 20, 22
12: 0, 2, 4, 8, 9, 10, 15, 16, 17, 21, 22, 23, 24
13: 0, 1, 2, 3, 4, 7, 8, 11, 15, 16, 18, 19, 20, 22
15: 0, 1, 2, 3, 4, 7, 8, 9, 10, 12, 13, 16, 17, 18, 21, 24
16: 0, 1, 2, 3, 4, 6, 7, 9, 12, 13, 14, 15, 18, 20, 22, 23
19: 0, 1, 2, 3, 4, 7, 8, 9, 10, 11, 13, 14, 17, 18, 24
20: 0, 1, 3, 4, 5, 10, 11, 13, 16, 18, 21, 22, 23, 24
22: 0, 1, 5, 8, 9, 10, 11, 12, 13, 14, 16, 17, 20, 23, 24
1: 2, 3, 4, 5, 6, 7, 9, 10, 11, 13, 15, 16, 17, 19, 20, 21, 22, 23, 24
2: 1, 3, 5, 7, 10, 12, 13, 14, 15, 16, 18, 19, 21, 23, 24
10: 1, 2, 3, 5, 6, 7, 8, 12, 15, 18, 19, 20, 21, 22, 23, 24
17: 1, 3, 4, 6, 7, 9, 11, 12, 15, 18, 19, 22, 23, 24
21: 1, 2, 3, 5, 9, 10, 12, 15, 20
23: 1, 2, 4, 5, 7, 8, 10, 12, 14, 16, 17, 20, 22, 24
24: 1, 2, 5, 6, 9, 10, 12, 15, 17, 18, 19, 20, 22, 23
14: 2, 4, 5, 6, 9, 11, 16, 19, 22, 23
18: 2, 4, 5, 6, 8, 9, 10, 11, 13, 15, 16, 17, 19, 20, 24
8: 3, 4, 5, 6, 9, 10, 11, 12, 13, 15, 18, 19, 22, 23
