0: 1, 2, 5, 8, 10, 11, 13, 17, 18, 20, 21, 22, 23
1: 0, 2, 3, 6, 7, 9, 10, 11, 13, 14, 17, 18, 19, 21, 22, 23
2: 0, 1, 3, 4, 5, 8, 10, 11, 12, 14, 15, 16, 20, 21, 22, 23
5: 0, 2, 6, 7, 8, 10, 11, 12, 14, 16, 17, 19, 21, 22, 24
8: 0, 2, 4, 5, 6, 7, 9, 10, 11, 14, 15, 16, 17, 18, 19, 20, 23
10: 0, 1, 2, 3, 4, 5, 6, 7, 8, 11, 12, 16, 17, 18, 19, 20, 24
11: 0, 1, 2, 3, 4, 5, 6, 7, 8, 9, 10, 12, 14, 17, 18, 19, 20, 21, 23, 24
13: 0, 1, 3, 6, 7, 9, 12, 14, 16, 21, 23, 24
17: 0, 1, 4, 5, 6, 7, 8, 9, 10, 11, 12, 15, 16, 18, 20, 21, 24
18: 0, 1, 3, 8, 9, 10, 11, 14, 15, 16, 17, 19, 23, 24
20: 0, 2, 3, 8, 9, 10, 11, 12, 14, 17, 19, 22, 23, 24
21: 0, 1, 2, 3, 4, 5, 7, 11, 12, 13, 14, 17
22: 0, 1, 2, 3, 4, 5, 6, 7, 9, 12, 14, 20, 24
23: 0, 1, 2, 4, 6, 8, 9, 11, 12, 13, 14, 15, 16, 18, 19, 20, 24
3: 1, 2, 4, 6, 10, 11, 13, 14, 15, 16, 18, 20, 21, 22
6: 1, 3, 4, 5, 7, 8, 9, 10, 11, 12, 13, 14, 15, 16, 17, 19, 22, 23, 24
7: 1, 5, 6, 8, 10, 11, 13, 15, 17, 19, 21, 22, 24
9: 1, 4, 6, 8, 11, 13, 16, 17, 18, 20, 22, 23, 24
14: 1, 2, 3, 4, 5, 6, 8, 11, 13, 15, 16, 18, 19, 20, 21, 22, 23
19: 1, 4, 5, 6, 7, 8, 10, 11, 12, 14, 15, 18, 20, 23, 24
4: 2, 3, 6, 8, 9, 10, 11, 12, 14, 15, 17, 19, 21, 22, 23
12: 2, 4, 5, 6, 10, 11, 13, 15, 17, 19, 20, 21, 22, 23
15: 2, 3, 4, 6, 7, 8, 12, 14, 16, 17, 18, 19, 23, 24
16: 2, 3, 5, 6, 8, 9, 10, 13, 14, 15, 17, 18, 23, 24
24: 5, 6, 7, 9, 10, 11, 13, 15, 16, 17, 18, 19, 20, 22, 23
