0: 1, 2, 3, 5, 6, 8, 9, 10, 11, 13, 14, 15, 16, 17, 18, 19
1: 0, 3, 4, 6, 8, 10, 12, 15, 17, 18
2: 0, 3, 4, 5, 6, 7, 9, 12, 13, 15, 17, 19
3: 0, 1, 2, 4, 6, 8, 9, 11, 12, 13, 14, 16, 17, 18
5: 0, 2, 4, 6, 7, 8, 10, 11, 12, 13, 14, 15, 16, 17, 19
6: 0, 1, 2, 3, 4, 5, 7, 10, 11, 12, 14, 15, 18
8: 0, 1, 3, 5, 7, 9, 10, 11, 12, 13, 15, 16, 17, 19
9: 0, 2, 3, 4, 8, 10, 12, 13, 15, 17, 19
10: 0, 1, 4, 5, 6, 7, 8, 9, 11, 13, 16, 17, 18
11: 0, 3, 4, 5, 6, 7, 8, 10, 12, 13, 14, 15, 18, 19
13: 0, 2, 3, 4, 5, 8, 9, 10, 11, 14, 16, 17, 18, 19
14: 0, 3, 4, 5, 6, 11, 13, 15, 17, 19
15: 0, 1, 2, 5, 6, 8, 9, 11, 12, 14, 16, 17, 19
16: 0, 3, 4, 5, 8, 10, 12, 13, 15, 17
17: 0, 1, 2, 3, 5, 8, 9, 10, 13, 14, 15, 16, 18, 19
18: 0, 1, 3, 6, 7, 10, 11, 13, 17
19: 0, 2, 5, 8, 9, 11, 12, 13, 14, 15, 17
4: 1, 2, 3, 5, 6, 9, 10, 11, 12, 13, 14, 16
12: 1, 2, 3, 4, 5, 6, 8, 9, 11, 15, 16, 19
7: 2, 5, 6, 8, 10, 11, 18
