0: 2, 3, 5, 9, 10, 12, 14, 15, 18, 19, 20, 23
2: 0, 1, 3, 6, 7, 9, 14, 15, 16, 20, 22, 23
3: 0, 2, 5, 6, 7, 8, 9, 10, 12, 15, 17, 21, 23
5: 0, 1, 3, 6, 7, 8, 9, 10, 11, 13, 16, 20, 21, 22
9: 0, 1, 2, 3, 4, 5, 6, 10, 11, 12, 13, 14, 18, 19, 20, 21, 22
10: 0, 1, 3, 4, 5, 7, 8, 9, 12, 13, 14, 16, 17, 19, 20, 21, 22, 23
12: 0, 1, 3, 4, 6, 8, 9, 10, 11, 13, 14, 17, 20, 21, 23
14: 0, 1, 2, 4, 7, 9, 10, 11, 12, 15, 16, 19, 20, 21, 22
15: 0, 2, 3, 6, 7, 8, 11, 13, 14, 16, 18, 19, 20, 22
18: 0, 4, 7, 8, 9, 11, 13, 15, 16, 17, 20, 21, 22, 23
19: 0, 1, 4, 8, 9, 10, 13, 14, 15, 16, 22, 23
20: 0, 1, 2, 4, 5, 6, 7, 9, 10, 11, 12, 13, 14, 15, 17, 18, 22
23: 0, 1, 2, 3, 6, 7, 8, 10, 11, 12, 16, 18, 19, 22
1: 2, 4, 5, 6, 7, 9, 10, 11, 12, 14, 16, 19, 20, 21, 23
4: 1, 6, 9, 10, 12, 13, 14, 16, 17, 18, 19, 20, 21
6: 1, 2, 3, 4, 5, 7, 9, 12, 13, 15, 20, 22, 23
7: 1, 2, 3, 5, 6, 8, 10, 13, 14, 15, 17, 18, 20, 21, 22, 23
11: 1, 5, 8, 9, 12, 14, 15, 16, 18, 20, 21, 22, 23
16: 1, 2, 4, 5, 8, 10, 11, 13, 14, 15, 17, 18, 19, 22, 23
21: 1, 3, 4, 5, 7, 8, 9, 10, 11, 12, 13, 14, 18
22: 2, 5, 6, 7, 8, 9, 10, 11, 13, 14, 15, 16, 18, 19, 20, 23
8: 3, 5, 7, 10, 11, 12, 13, 15, 16, 17, 18, 19, 21, 22, 23
17: 3, 4, 7, 8, 10, 12, 16, 18, 20
13: 4, 5, 6, 7, 8, 9, 10, 12, 15, 16, 18, 19, 20, 21, 22
