0: 1, 2, 3, 4, 5, 6, 8, 9, 10, 11, 13, 14, 15, 16, 17, 18, 21
1: 0, 2, 4, 5, 7, 10, 11, 12, 14, 18, 21, 22
2: 0, 1, 3, 5, 6, 7, 9, 10, 14, 16, 17, 21
3: 0, 2, 5, 7, 8, 9, 12, 14, 15, 18, 20, 21, 22
4: 0, 1, 5, 7, 9, 10, 11, 12, 13, 14, 15, 16, 18, 20, 21
5: 0, 1, 2, 3, 4, 7, 9, 10, 11, 13, 14, 18, 19, 20, 21, 22
6: 0, 2, 7, 8, 10, 11, 13, 17, 19, 20, 22
8: 0, 3, 6, 7, 9, 10, 12, 14, 15, 17, 18, 19, 20, 21, 22
9: 0, 2, 3, 4, 5, 7, 8, 10, 11, 12, 16, 18, 20, 21, 22
10: 0, 1, 2, 4, 5, 6, 8, 9, 11, 13, 15, 16, 17, 18, 21, 22
11: 0, 1, 4, 5, 6, 7, 9, 10, 12, 13, 14, 15, 16, 17, 20, 21
13: 0, 4, 5, 6, 10, 11, 14, 16, 18, 22
14: 0, 1, 2, 3, 4, 5, 7, 8, 11, 13, 15, 16, 18, 20, 21
15: 0, 3, 4, 7, 8, 10, 11, 14, 17, 19
16: 0, 2, 4, 9, 10, 11, 12, 13, 14, 17, 21
17: 0, 2, 6, 8, 10, 11, 15, 16, 18, 19, 21
18: 0, 1, 3, 4, 5, 7, 8, 9, 10, 13, 14, 17, 20
21: 0, 1, 2, 3, 4, 5, 8, 9, 10, 11, 12, 14, 16, 17, 20
7: 1, 2, 3, 4, 5, 6, 8, 9, 11, 12, 14, 15, 18, 19, 20, 22
12: 1, 3, 4, 7, 8, 9, 11, 16, 20, 21
22: 1, 3, 5, 6, 7, 8, 9, 10, 13, 19, 20
20: 3, 4, 5, 6, 7, 8, 9, 11, 12, 14, 18, 19, 21, 22
19: 5, 6, 7, 8, 15, 17, 20, 22
