0: 1, 2, 3, 9, 10, 11, 13, 16, 17
1: 0, 2, 4, 5, 8, 10, 13, 14, 16
2: 0, 1, 3, 4, 5, 6, 9, 11, 12, 15, 16
3: 0, 2, 8, 9, 10, 11, 14, 17
9: 0, 2, 3, 4, 6, 7, 8, 10, 11, 12, 13, 15, 17
10: 0, 1, 3, 4, 6, 9, 11, 12, 16, 17
11: 0, 2, 3, 5, 7, 8, 9, 10, 13, 14, 15
13: 0, 1, 4, 5, 6, 7, 8, 9, 11, 12, 14, 15, 16
16: 0, 1, 2, 4, 8, 10, 13, 14, 15, 17
17: 0, 3, 4, 5, 7, 8, 9, 10, 12, 15, 16
4: 1, 2, 5, 7, 8, 9, 10, 13, 16, 17
5: 1, 2, 4, 11, 13, 15, 17
8: 1, 3, 4, 6, 9, 11, 12, 13, 14, 15, 16, 17
14: 1, 3, 8, 11, 12, 13, 15, 16
6: 2, 7, 8, 9, 10, 12, 13, 15
12: 2, 6, 8, 9, 10, 13, 14, 15, 17
15: 2, 5, 6, 8, 9, 11, 12, 13, 14, 16, 17
7: 4, 6, 9, 11, 13, 17
