0: 3, 4, 6, 7, 8, 9, 11, 12, 13, 16, 17, 18, 19, 20, 21
3: 0, 1, 4, 6, 7, 8, 9, 10, 11, 14, 17, 20, 21
4: 0, 2, 3, 5, 6, 12, 14, 16, 17, 19
6: 0, 1, 2, 3, 4, 5, 7, 8, 9, 12, 13, 15, 16, 17, 20, 21
7: 0, 1, 3, 6, 9, 10, 11, 13, 14, 19, 21
8: 0, 3, 6, 10, 11, 13, 15, 16, 17, 18, 20
9: 0, 2, 3, 5, 6, 7, 10, 13, 14, 15, 16, 18
11: 0, 1, 2, 3, 5, 7, 8, 10, 12, 13, 14, 19, 20
12: 0, 4, 5, 6, 11, 13, 14, 18, 21
13: 0, 1, 2, 6, 7, 8, 9, 10, 11, 12, 14, 16, 17, 18, 21
16: 0, 1, 2, 4, 5, 6, 8, 9, 10, 13, 14, 15, 17, 19, 20, 21
17: 0, 1, 2, 3, 4, 6, 8, 13, 14, 16, 18, 19, 20, 21
18: 0, 1, 2, 5, 8, 9, 12, 13, 17, 19, 20, 21
19: 0, 1, 2, 4, 5, 7, 10, 11, 14, 15, 16, 17, 18, 20
20: 0, 1, 3, 6, 8, 11, 16, 17, 18, 19
21: 0, 2, 3, 5, 6, 7, 12, 13, 14, 15, 16, 17, 18
1: 2, 3, 5, 6, 7, 10, 11, 13, 14, 16, 17, 18, 19, 20
2: 1, 4, 6, 9, 11, 13, 14, 15, 16, 17, 18, 19, 21
5: 1, 4, 6, 9, 10, 11, 12, 15, 16, 18, 19, 21
10: 1, 3, 5, 7, 8, 9, 11, 13, 14, 16, 19
14: 1, 2, 3, 4, 7, 9, 10, 11, 12, 13, 15, 16, 17, 19, 21
15: 2, 5, 6, 8, 9, 14, 16, 19, 21
