0: 1, 2, 5, 6, 7, 8, 15, 17, 18, 20, 21
1: 0, 2, 3, 4, 5, 6, 9, 11, 13, 14, 16, 17, 18, 19, 20, 21
2: 0, 1, 6, 7, 10, 11, 12, 13, 15, 16, 17, 18
5: 0, 1, 4, 8, 14, 15, 17, 19, 21
6: 0, 1, 2, 4, 7, 8, 9, 10, 12, 14, 15, 16, 18, 19, 21
7: 0, 2, 3, 4, 6, 8, 9, 10, 11, 12, 13, 17, 20, 21
8: 0, 3, 5, 6, 7, 10, 12, 15, 17, 18, 21
15: 0, 2, 3, 5, 6, 8, 9, 10, 11, 12, 13, 16, 17, 18, 19, 20, 21
17: 0, 1, 2, 3, 4, 5, 7, 8, 10, 12, 13, 14, 15, 16, 19, 21
18: 0, 1, 2, 4, 6, 8, 9, 10, 11, 12, 13, 14, 15, 16, 20
20: 0, 1, 3, 4, 7, 9, 12, 13, 14, 15, 18, 19, 21
21: 0, 1, 3, 4, 5, 6, 7, 8, 9, 10, 11, 12, 13, 14, 15, 17, 19, 20
3: 1, 4, 7, 8, 10, 12, 13, 14, 15, 16, 17, 20, 21
4: 1, 3, 5, 6, 7, 10, 16, 17, 18, 19, 20, 21
9: 1, 6, 7, 13, 14, 15, 18, 19, 20, 21
11: 1, 2, 7, 10, 12, 13, 14, 15, 18, 19, 21
13: 1, 2, 3, 7, 9, 10, 11, 14, 15, 16, 17, 18, 19, 20, 21
14: 1, 3, 5, 6, 9, 11, 12, 13, 16, 17, 18, 19, 20, 21
16: 1, 2, 3, 4, 6, 10, 12, 13, 14, 15, 17, 18
19: 1, 4, 5, 6, 9, 10, 11, 13, 14, 15, 17, 20, 21
10: 2, 3, 4, 6, 7, 8, 11, 12, 13, 15, 16, 17, 18, 19, 21
12: 2, 3, 6, 7, 8, 10, 11, 14, 15, 16, 17, 18, 20, 21
