0: 1, 2, 3, 6, 8, 9, 10, 11, 12, 14
1: 0, 2, 3, 4, 5, 6, 7, 8, 9, 10, 11, 12, 13, 15
2: 0, 1, 4, 5, 7, 8, 10, 11, 12, 13, 15
3: 0, 1, 4, 7, 9, 10, 11, 14
6: 0, 1, 4, 5, 7, 9, 14
8: 0, 1, 2, 4, 9, 11, 12
9: 0, 1, 3, 4, 5, 6, 8, 10, 11, 12, 13, 15
10: 0, 1, 2, 3, 4, 5, 7, 9, 12, 13, 14, 15
11: 0, 1, 2, 3, 5, 7, 8, 9, 12, 14, 15
12: 0, 1, 2, 4, 7, 8, 9, 10, 11, 13, 15
14: 0, 3, 4, 5, 6, 10, 11, 13, 15
4: 1, 2, 3, 6, 7, 8, 9, 10, 12, 13, 14, 15
5: 1, 2, 6, 9, 10, 11, 13, 14, 15
7: 1, 2, 3, 4, 6, 10, 11, 12, 13, 15
13: 1, 2, 4, 5, 7, 9, 10, 12, 14
15: 1, 2, 4, 5, 7, 9, 10, 11, 12, 14
