0: 1, 4, 6, 7, 8, 9, 10, 12, 13, 15, 16, 18, 20, 22
1: 0, 2, 3, 4, 6, 10, 11, 14, 15, 20, 22
4: 0, 1, 2, 3, 5, 7, 8, 9, 10, 11, 13, 14, 17, 18
6: 0, 1, 8, 10, 12, 13, 14, 15, 17, 18, 19, 22
7: 0, 2, 3, 4, 9, 10, 12, 14, 19, 20, 21, 22
8: 0, 3, 4, 6, 10, 13, 18, 19
9: 0, 3, 4, 5, 7, 12, 13, 14, 17, 19, 20, 21, 22
10: 0, 1, 4, 6, 7, 8, 11, 12, 18, 19, 21
12: 0, 6, 7, 9, 10, 15, 17, 18, 20, 21, 22
13: 0, 4, 5, 6, 8, 9, 16, 17, 18, 19, 21
15: 0, 1, 2, 3, 5, 6, 11, 12, 16, 17, 18, 21, 22
16: 0, 2, 11, 13, 14, 15, 17, 18, 19, 22
18: 0, 2, 3, 4, 6, 8, 10, 11, 12, 13, 15, 16, 20, 22
20: 0, 1, 5, 7, 9, 12, 14, 18, 19, 21
22: 0, 1, 2, 3, 5, 6, 7, 9, 12, 15, 16, 18, 19, 21
2: 1, 4, 7, 11, 14, 15, 16, 17, 18, 19, 22
3: 1, 4, 5, 7, 8, 9, 11, 14, 15, 17, 18, 19, 22
11: 1, 2, 3, 4, 10, 14, 15, 16, 17, 18
14: 1, 2, 3, 4, 6, 7, 9, 11, 16, 20
17: 2, 3, 4, 5, 6, 9, 11, 12, 13, 15, 16, 19
19: 2, 3, 6, 7, 8, 9, 10, 13, 16, 17, 20, 22
5: 3, 4, 9, 13, 15, 17, 20, 21, 22
21: 5, 7, 9, 10, 12, 13, 15, 20, 22
