0: 3, 4, 5, 7, 10, 11, 12, 15, 16, 18, 20, 22, 23
3: 0, 2, 6, 7, 8, 9, 10, 11, 13, 14, 15, 16, 18, 19, 20, 23
4: 0, 1, 6, 7, 9, 10, 11, 12, 13, 15, 16, 18, 19, 20, 21, 24
5: 0, 6, 7, 8, 13, 16, 17, 18, 23, 24
7: 0, 1, 3, 4, 5, 6, 8, 10, 12, 13, 16, 22, 24
10: 0, 1, 2, 3, 4, 7, 12, 13, 14, 18, 19, 20, 22, 24
11: 0, 3, 4, 8, 9, 12, 13, 15, 16, 17, 20, 22, 23, 24
12: 0, 1, 2, 4, 7, 8, 9, 10, 11, 14, 15, 16, 17, 19, 20, 22, 23
15: 0, 1, 2, 3, 4, 9, 11, 12, 13, 17, 19, 22, 23
16: 0, 1, 2, 3, 4, 5, 6, 7, 8, 9, 11, 12, 14, 18, 19, 20, 21, 22
18: 0, 2, 3, 4, 5, 6, 9, 10, 13, 16, 19, 20, 21, 23, 24
20: 0, 2, 3, 4, 6, 8, 10, 11, 12, 14, 16, 17, 18, 22, 23, 24
22: 0, 6, 7, 9, 10, 11, 12, 15, 16, 17, 20, 21, 23
23: 0, 1, 2, 3, 5, 6, 8, 11, 12, 13, 15, 18, 20, 21, 22
1: 2, 4, 6, 7, 8, 9, 10, 12, 13, 14, 15, 16, 19, 23, 24
2: 1, 3, 6, 9, 10, 12, 13, 15, 16, 17, 18, 20, 23
6: 1, 2, 3, 4, 5, 7, 8, 14, 16, 18, 20, 22, 23, 24
8: 1, 3, 5, 6, 7, 11, 12, 16, 19, 20, 23
9: 1, 2, 3, 4, 11, 12, 13, 14, 15, 16, 17, 18, 21, 22
13: 1, 2, 3, 4, 5, 7, 9, 10, 11, 15, 17, 18, 21, 23, 24
14: 1, 3, 6, 9, 10, 12, 16, 20, 21, 24
19: 1, 3, 4, 8, 10, 12, 15, 16, 17, 18
24: 1, 4, 5, 6, 7, 10, 11, 13, 14, 18, 20, 21
17: 2, 5, 9, 11, 12, 13, 15, 19, 20, 21, 22
21: 4, 9, 13, 14, 16, 17, 18, 22, 23, 24
