0: 2, 3, 5, 6, 9, 10, 11, 13, 15, 18, 19, 20, 21, 22
2: 0, 3, 5, 7, 9, 11, 17, 19, 20, 21, 22
3: 0, 1, 2, 4, 6, 7, 9, 10, 12, 14, 15, 21
5: 0, 1, 2, 4, 7, 8, 9, 10, 11, 12, 13, 14, 16, 19, 20, 21, 22
6: 0, 3, 4, 8, 10, 11, 12, 16, 17, 19, 21, 22
9: 0, 2, 3, 5, 10, 11, 12, 14, 15, 16, 20, 21, 22
10: 0, 1, 3, 4, 5, 6, 7, 8, 9, 12, 14, 15, 16, 17, 19, 21
11: 0, 2, 5, 6, 9, 13, 14, 17, 18, 19, 20, 21
13: 0, 5, 11, 14, 19, 21, 22
15: 0, 3, 7, 8, 9, 10, 12, 14, 17, 18, 21
18: 0, 1, 7, 8, 11, 12, 15, 16, 17, 19, 21
19: 0, 1, 2, 4, 5, 6, 10, 11, 12, 13, 14, 18, 20, 21
20: 0, 1, 2, 5, 7, 8, 9, 11, 16, 17, 19, 21
21: 0, 1, 2, 3, 5, 6, 7, 8, 9, 10, 11, 12, 13, 14, 15, 16, 18, 19, 20, 22
22: 0, 2, 4, 5, 6, 7, 8, 9, 12, 13, 16, 21
1: 3, 4, 5, 10, 12, 14, 16, 18, 19, 20, 21
4: 1, 3, 5, 6, 7, 8, 10, 12, 16, 17, 19, 22
12: 1, 3, 4, 5, 6, 9, 10, 14, 15, 18, 19, 21, 22
14: 1, 3, 5, 7, 9, 10, 11, 12, 13, 15, 16, 17, 19, 21
16: 1, 4, 5, 6, 7, 8, 9, 10, 14, 17, 18, 20, 21, 22
7: 2, 3, 4, 5, 8, 10, 14, 15, 16, 17, 18, 20, 21, 22
17: 2, 4, 6, 7, 8, 10, 11, 14, 15, 16, 18, 20
8: 4, 5, 6, 7, 10, 15, 16, 17, 18, 20, 21, 22
