0: 1, 2, 3, 4, 5, 6, 7, 8, 11, 12, 15, 16, 17, 18, 20, 21
1: 0, 2, 6, 7, 8, 9, 12, 14, 15, 16, 17, 19, 20
2: 0, 1, 3, 6, 8, 9, 11, 12, 14, 15, 18, 20, 21
3: 0, 2, 4, 5, 7, 8, 10, 11, 13, 14, 16, 18, 19, 20
4: 0, 3, 6, 7, 8, 10, 11, 15, 17, 18, 19, 21
5: 0, 3, 6, 8, 11, 12, 13, 14, 17, 19, 20, 21
6: 0, 1, 2, 4, 5, 7, 10, 13, 14, 15, 16, 19, 20
7: 0, 1, 3, 4, 6, 8, 9, 11, 12, 13, 14, 19, 20
8: 0, 1, 2, 3, 4, 5, 7, 9, 11, 12, 19, 20, 21
11: 0, 2, 3, 4, 5, 7, 8, 9, 10, 13, 14, 15, 16, 17, 19, 20, 21
12: 0, 1, 2, 5, 7, 8, 9, 10, 14, 15, 16, 17, 18, 19
15: 0, 1, 2, 4, 6, 9, 11, 12, 13, 14, 19, 20
16: 0, 1, 3, 6, 9, 10, 11, 12, 13, 14, 17, 18, 19, 21
17: 0, 1, 4, 5, 9, 10, 11, 12, 16, 18, 21
18: 0, 2, 3, 4, 9, 10, 12, 14, 16, 17, 19, 21
20: 0, 1, 2, 3, 5, 6, 7, 8, 10, 11, 13, 14, 15, 19, 21
21: 0, 2, 4, 5, 8, 9, 10, 11, 13, 16, 17, 18, 19, 20
9: 1, 2, 7, 8, 10, 11, 12, 15, 16, 17, 18, 19, 21
14: 1, 2, 3, 5, 6, 7, 10, 11, 12, 15, 16, 18, 20
19: 1, 3, 4, 5, 6, 7, 8, 9, 10, 11, 12, 13, 15, 16, 18, 20, 21
10: 3, 4, 6, 9, 11, 12, 13, 14, 16, 17, 18, 19, 20, 21
13: 3, 5, 6, 7, 10, 11, 15, 16, 19, 20, 21
