0: 1, 3, 4, 5, 7, 9, 11, 18, 19
1: 0, 2, 3, 5, 9, 12, 14, 15, 17
3: 0, 1, 4, 5, 7, 8, 9, 10, 11, 12, 13, 14, 15, 17, 18, 19
4: 0, 2, 3, 6, 7, 11, 12, 13, 14, 15, 17, 18, 19
5: 0, 1, 2, 3, 6, 7, 8, 9, 10, 14, 17, 19
7: 0, 3, 4, 5, 14, 15, 18, 19
9: 0, 1, 2, 3, 5, 6, 11, 12, 13, 15, 16, 18, 19
11: 0, 3, 4, 6, 8, 9, 12, 14, 16, 19
18: 0, 2, 3, 4, 6, 7, 8, 9, 10, 12, 16, 19
19: 0, 3, 4, 5, 6, 7, 9, 10, 11, 13, 14, 15, 18
2: 1, 4, 5, 8, 9, 10, 12, 13, 14, 15, 16, 17, 18
12: 1, 2, 3, 4, 8, 9, 10, 11, 14, 16, 18
14: 1, 2, 3, 4, 5, 7, 8, 11, 12, 13, 16, 19
15: 1, 2, 3, 4, 6, 7, 8, 9, 13, 16, 17, 19
17: 1, 2, 3, 4, 5, 6, 13, 15, 16
8: 2, 3, 5, 10, 11, 12, 14, 15, 16, 18
10: 2, 3, 5, 8, 12, 18, 19
13: 2, 3, 4, 6, 9, 14, 15, 17, 19
16: 2, 8, 9, 11, 12, 14, 15, 17, 18
6: 4, 5, 9, 11, 13, 15, 17, 18, 19
